1738
2663
3590
4516
5442
6362
7307
8231
9150
10073
10997
11910
12837
13754
14689
15616
16538
17478
18401
19331
20263
21190
22113
23042
23952
24879
25798
26730
27656
28572
29493
30422
31344
32284
33200
34123
35056
35973
36903
37818
38741
39667
40592
41514
42435
43362
44286
45206
46119
47049
47974
48906
49824
50756
51681
52596
53517
54437
55356
56277
57198
58117
59040
59956
60878
61796
62721
63651
64581
65505
66427
67350
68276
69213
70141
71069
72003
72923
73863
74795
75708
76622
77549
78465
79393
80309
81233
82155
83078
83989
84909
85828
86755
87681
88609
89552
90480
91405
92326
93259
