1794
2726
3651
4571
5505
6426
7353
8267
9186
10114
11032
11947
12879
13803
14726
15663
16586
17506
18438
19359
20280
21204
22131
23049
23969
24891
25815
26732
27649
28587
29507
30444
31359
32287
33222
34146
35072
35991
36908
37838
38754
39681
40614
41533
42458
43389
44319
45254
46183
47111
48026
48955
49881
50805
51739
52657
53576
54495
55419
56344
57270
58189
59115
60051
60978
61892
62820
63744
64673
65587
66520
67438
68367
69292
70217
71136
72068
72999
73922
74835
75759
76687
77607
78531
79454
80382
81307
82227
83149
84072
85002
85923
86848
87769
88702
89627
90543
91460
92380
93306
