1733
2649
3582
4515
5439
6376
7300
8227
9158
10087
11008
11936
12862
13789
14718
15645
16558
17488
18413
19330
20254
21164
22098
23018
23940
24864
25791
26722
27643
28576
29496
30419
31349
32275
33203
34129
35054
35983
36902
37816
38747
39670
40598
41520
42445
43367
44288
45209
46143
47075
48004
48926
49853
50786
51714
52626
53539
54470
55382
56294
57215
58133
59051
59974
60901
61831
62760
63679
64612
65534
66459
67387
68308
69239
70157
71095
72024
72942
73858
74786
75699
76618
77539
78457
79384
80306
81221
82145
83059
83983
84903
85824
86750
87675
88597
89527
90443
91371
92299
93223
